00110000100000000000000000101100
00000001000000000000000000000000
10010010000100000010000000000000
10000010000100000010000000000000
10000000101000000100000000011001
00110110100000000000000000000100
10010010000000100100000000011000
00010000100000000000000000000101
10000010000000000110000000000001
10000001110000111110000000001000
00000001000000000000000000000000
10010100000100000010000000000001
10000010000100000010000000000000
10000000101000000100000000011011
00110110100000000000000000001000
10110000000100000000000000001010
10110010000100000000000000011010
01111111111111111111111111110001
00000001000000000000000000000000
10010100000100000000000000001001
00010000100000000000000000000111
10000010000000000110000000000001
10000001110000111110000000001000
00000001000000000000000000000000
10010000000100000010000000000000
10110000000100000010000000000000
10110010000100000010000001100100
10000000101000000100000000011100
00110100100000000000000000001110
10100001001010000110000000000001
10110100000100000000000000011101
10110110000100000000000000000001
01111111111111111111111111101011
00000001000000000000000000000000
10100010000100000000000000001010
10110000000100000000000000010000
10110010000100000000000000010001
01111111111111111111111111011101
00000001000000000000000000000000
10010000000000100000000000001001
00010000101111111111111111110011
10000010000000000110000000000001
10000001110000111110000000001000
00000001000000000000000000000000
10111000000100000010000000000011
10111010000100000010000000000010
01111111111111111111111111101010
00000001000000000000000000000000
10011010000100000000000000001000
00000001000000000000000000000000
00000001000000000000000000000000
00000001000000000000000000000000
00000001000000000000000000000000
00000001000000000000000000000000
00000001000000000000000000000000
00000001000000000000000000000000
00000001000000000000000000000000
00000001000000000000000000000000
00000001000000000000000000000000
00000001000000000000000000000000
00000001000000000000000000000000
00000001000000000000000000000000
00000001000000000000000000000000
00000001000000000000000000000000
